milkshake:
  point: 
    x: -1.01899659634
    y: -1.49726867676
    z: 0.901104986668
juice:
  point: 
    x: -1.59301364422
    y: -1.6557097435
    z: 0.901104986668
cloth:
  point: 
    x: -1.28424453735
    y: -1.49878263474
    z: 0.901104986668

