milkshake:
  point: 
    x: -0.941847681999
    y: -1.5054795742  
    z: 0.911711215973
juice:
  point: 
    x: -1.60437488556
    y: -1.66195595264
    z: 0.90266418457
cloth:
  point: 
    x: -1.3299959898
    y: -1.50552558899
    z: 0.912076950073

